31.207
31.780
32.377
32.998
33.643
34.312
35.008
35.731
36.478
37.250
38.046
38.864
39.704
40.563
41.440
42.333
43.240
44.158
45.085
46.016
46.952
47.887
48.819
49.743
50.659
51.563
52.453
53.328
54.187
55.031
55.862
56.681
57.483
58.288
59.090
59.894
60.703
61.518
62.349
63.161
63.985
64.814
65.646
66.481
67.320
68.161
69.006
69.853
70.715
71.558
72.416
73.277
74.140
75.008
75.879
76.753
77.640
78.511
79.395
80.283
81.174
82.069
82.967
83.868
84.773
85.681
86.592
87.519
88.425
89.347
90.272
91.200
92.132
93.068
94.006
94.948
95.903
96.842
97.794
98.750
99.709
100.671
101.636
102.605
103.577
104.563
105.531
106.514
107.499
108.487
109.479
110.474
111.473
112.474
113.489
114.487
115.498
116.512
117.530
118.550
119.574
120.601
121.631
122.676
123.700
124.739
125.781
126.827
127.875
128.926
129.980
131.038
132.098
133.171
134.226
135.295
136.367
137.442
138.519
139.600
140.683
141.768
142.857
143.961
145.042
146.139
147.238
148.341
149.446
150.553
151.663
152.776
153.891
155.022
156.129
157.251
158.377
159.504
160.635
161.767
162.902
164.040
165.180
166.322
167.481
168.613
169.762
170.914
172.067
173.223
174.381
175.541
176.704
177.868
179.035
180.219
181.374
182.547
183.722
184.899
186.077
187.258
188.441
189.625
190.812
192.001
193.207
194.383
195.577
196.773
197.970
199.169
200.370
201.573
202.777
203.983
205.190
206.414
207.610
208.822
210.036
211.251
212.469
213.687
214.907
216.128
217.350
218.574
219.817
221.026
222.254
223.484
224.715
225.946
227.180
228.414
229.649
230.886
232.124
233.363
234.618
235.844
237.086
238.330
239.574
240.819
242.065
243.313
244.561
245.810
247.060
248.311
249.581
250.815
252.068
253.323
254.578
255.833
257.090
258.347
259.604
260.863
262.122
263.382
264.661
265.903
267.165
268.427
269.689
270.952
272.216
273.480
274.745
276.010
277.275
278.541
279.824
281.074
282.341
283.608
284.876
286.143
287.412
288.680
289.949
291.217
292.487
293.756
295.043
296.295
297.565
298.834
300.104
301.374
302.645
303.915
305.185
306.455
307.725
308.996
310.284
311.536
312.806
314.076
315.346
316.616
317.885
319.155
320.424
321.694
322.963
324.231
325.516
326.768
328.037
329.304
330.572
331.839
333.106
334.373
335.640
336.906
338.171
339.437
340.721
341.967
343.231
344.495
345.758
347.021
348.283
349.545
350.807
352.068
353.329
354.589
355.864
357.107
358.366
359.624
360.881
362.138
363.393
364.649
365.904
367.158
368.412
369.665
370.934
372.169
373.420
374.670
375.920
377.169
378.417
379.665
380.911
382.157
383.402
384.647
385.890
387.150
388.375
389.616
390.857
392.096
393.335
394.573
395.810
397.047
398.282
399.517
400.750
401.983
403.232
404.446
405.676
406.904
408.133
409.360
410.586
411.812
413.036
414.259
415.482
416.704
417.924
419.161
420.362
421.580
422.796
424.012
