#original filename: Tagger_Ladder_Butanol.450

TimeOffsetNS:  175.9
TaggEffFile:   TaggEffNorm.root

#- - - - - - - - - - - - - - - - - - - - - - - - - - - - - - - - - - - - - - -
#Ladder element definitions.
#          ADC chan.  Low thres. [MeV]  High thres.[MeV]  Pedestal [chan.]  MeV/Chan.  TDC chan.  Low thres. [ns]  High thres.[ns]   Offset [chan.]  ns/Chan.  Position [x,y,z]  Central energy  Energy Overlap  Scaler chan.
Element:    816       0.2               2.5               0.0               0.00050    1438M0     -200.0          +200.0             -1831.38        0.117710  0 0 0             31.207         0.000           152
Element:    800       0.2               2.5               0.0               0.00050    1432M0     -200.0          +200.0             -1826.80        0.117710  0 0 0             31.780         0.000           140
Element:    817       0.2               2.5               0.0               0.00050    1454M0     -200.0          +200.0             -1838.38        0.117710  0 0 0             32.377         0.000           153
Element:    801       0.2               2.5               0.0               0.00050    1448M0     -200.0          +200.0             -1843.19        0.117710  0 0 0             32.998         0.000           141
Element:    818       0.2               2.5               0.0               0.00050    1439M0     -200.0          +200.0             -1835.13        0.117710  0 0 0             33.643         0.000           154
Element:    802       0.2               2.5               0.0               0.00050    1433M0     -200.0          +200.0             -1834.03        0.117710  0 0 0             34.312         0.000           142
Element:    819       0.2               2.5               0.0               0.00050    1455M0     -200.0          +200.0             -1840.23        0.117710  0 0 0             35.008         0.000           155
Element:    803       0.2               2.5               0.0               0.00050    1449M0     -200.0          +200.0             -1843.48        0.117710  0 0 0             35.731         0.000           143
Element:    820       0.2               2.5               0.0               0.00050    1440M0     -200.0          +200.0             -1833.57        0.117710  0 0 0             36.478         0.000           156
Element:    804       0.2               2.5               0.0               0.00050    1434M0     -200.0          +200.0             -1841.42        0.117710  0 0 0             37.250         0.000           144
Element:    821       0.2               2.5               0.0               0.00050    1456M0     -200.0          +200.0             -1816.26        0.117710  0 0 0             38.046         0.000           157
Element:    805       0.2               2.5               0.0               0.00050    1450M0     -200.0          +200.0             -1829.11        0.117710  0 0 0             38.864         0.000           145
Element:    822       0.2               2.5               0.0               0.00050    1441M0     -200.0          +200.0             -1826.84        0.117710  0 0 0             39.704         0.000           158
Element:    806       0.2               2.5               0.0               0.00050    1435M0     -200.0          +200.0             -1832.38        0.117710  0 0 0             40.563         0.000           146
Element:    823       0.2               2.5               0.0               0.00050    1457M0     -200.0          +200.0             -1814.81        0.117710  0 0 0             41.440         0.000           159
Element:    807       0.2               2.5               0.0               0.00050    1451M0     -200.0          +200.0             -1834.13        0.117710  0 0 0             42.333         0.000           147
Element:    824       0.2               2.5               0.0               0.00050    1442M0     -200.0          +200.0             -1841.80        0.117710  0 0 0             43.240         0.000           160
Element:    808       0.2               2.5               0.0               0.00050    1436M0     -200.0          +200.0             -1834.60        0.117710  0 0 0             44.158         0.000           148
Element:    825       0.2               2.5               0.0               0.00050    1458M0     -200.0          +200.0             -1840.12        0.117710  0 0 0             45.085         0.000           161
Element:    809       0.2               2.5               0.0               0.00050    1452M0     -200.0          +200.0             -1837.55        0.117710  0 0 0             46.016         0.000           149
Element:    826       0.2               2.5               0.0               0.00050    1443M0     -200.0          +200.0             -1832.97        0.117710  0 0 0             46.952         0.000           162
Element:    810       0.2               2.5               0.0               0.00050    1437M0      999            -999                  -0.00        0.000000  0 0 0             47.887         0.000           150
Element:    827       0.2               2.5               0.0               0.00050    1459M0      999            -999                  -0.00        0.000000  0 0 0             48.819         0.000           163
Element:    811       0.2               2.5               0.0               0.00050    1453M0     -200.0          +200.0             -1837.29        0.117710  0 0 0             49.743         0.000           151
Element:    828       0.2               2.5               0.0               0.00050    1444M0     -200.0          +200.0             -1835.43        0.117710  0 0 0             50.659         0.000           164
Element:    829       0.2               2.5               0.0               0.00050    1460M0     -200.0          +200.0             -1827.56        0.117710  0 0 0             51.563         0.000           165
Element:    830       0.2               2.5               0.0               0.00050    1445M0     -200.0          +200.0             -1832.25        0.117710  0 0 0             52.453         0.000           166
Element:    831       0.2               2.5               0.0               0.00050    1461M0     -200.0          +200.0             -1830.46        0.117710  0 0 0             53.328         0.000           167
Element:    812       0.2               2.5               0.0               0.00050    1446M0     -200.0          +200.0             -1822.47        0.117710  0 0 0             54.187         0.000           168
Element:    813       0.2               2.5               0.0               0.00050    1462M0     -200.0          +200.0             -1833.87        0.117710  0 0 0             55.031         0.000           169
Element:    814       0.2               2.5               0.0               0.00050    1447M0     -200.0          +200.0             -1824.07        0.117710  0 0 0             55.862         0.000           170
Element:    815       0.2               2.5               0.0               0.00050    1463M0     -200.0          +200.0             -1827.21        0.117710  0 0 0             56.681         0.000           171
Element:    832       0.2               2.5               0.0               0.00050    1464M0     -200.0          +200.0             -1836.25        0.117710  0 0 0             57.483         0.000           172
Element:    833       0.2               2.5               0.0               0.00050    1480M0     -200.0          +200.0             -1838.21        0.117710  0 0 0             58.288         0.000           173
Element:    834       0.2               2.5               0.0               0.00050    1465M0     -200.0          +200.0             -1846.06        0.117710  0 0 0             59.090         0.000           174
Element:    835       0.2               2.5               0.0               0.00050    1481M0     -200.0          +200.0             -1844.60        0.117710  0 0 0             59.894         0.000           175
Element:    836       0.2               2.5               0.0               0.00050    1466M0     -200.0          +200.0             -1848.29        0.117710  0 0 0             60.703         0.000           176
Element:    837       0.2               2.5               0.0               0.00050    1482M0     -200.0          +200.0             -1844.13        0.117710  0 0 0             61.518         0.000           177
Element:    838       0.2               2.5               0.0               0.00050    1467M0     -200.0          +200.0             -1836.83        0.117710  0 0 0             62.349         0.000           178
Element:    839       0.2               2.5               0.0               0.00050    1483M0     -200.0          +200.0             -1829.94        0.117710  0 0 0             63.161         0.000           179
Element:    840       0.2               2.5               0.0               0.00050    1468M0     -200.0          +200.0             -1835.06        0.117710  0 0 0             63.985         0.000           180
Element:    841       0.2               2.5               0.0               0.00050    1484M0     -200.0          +200.0             -1836.07        0.117710  0 0 0             64.814         0.000           181
Element:    842       0.2               2.5               0.0               0.00050    1469M0     -200.0          +200.0             -1822.42        0.117710  0 0 0             65.646         0.000           182
Element:    843       0.2               2.5               0.0               0.00050    1485M0     -200.0          +200.0             -1838.90        0.117710  0 0 0             66.481         0.000           183
Element:    844       0.2               2.5               0.0               0.00050    1470M0     -200.0          +200.0             -1833.60        0.117710  0 0 0             67.320         0.000           184
Element:    845       0.2               2.5               0.0               0.00050    1486M0     -200.0          +200.0             -1829.87        0.117710  0 0 0             68.161         0.000           185
Element:    846       0.2               2.5               0.0               0.00050    1471M0     -200.0          +200.0             -1828.51        0.117710  0 0 0             69.006         0.000           186
Element:    847       0.2               2.5               0.0               0.00050    1487M0     -200.0          +200.0             -1842.78        0.117710  0 0 0             69.853         0.000           187
Element:    848       0.2               2.5               0.0               0.00050    1472M0     -200.0          +200.0             -1831.43        0.117710  0 0 0             70.715         0.000           188
Element:    849       0.2               2.5               0.0               0.00050    1488M0     -200.0          +200.0             -1821.93        0.117710  0 0 0             71.558         0.000           189
Element:    850       0.2               2.5               0.0               0.00050    1473M0     -200.0          +200.0             -1837.31        0.117710  0 0 0             72.416         0.000           190
Element:    851       0.2               2.5               0.0               0.00050    1489M0     -200.0          +200.0             -1828.58        0.117710  0 0 0             73.277         0.000           191
Element:    852       0.2               2.5               0.0               0.00050    1474M0     -200.0          +200.0             -1838.66        0.117710  0 0 0             74.140         0.000           192
Element:    853       0.2               2.5               0.0               0.00050    1490M0     -200.0          +200.0             -1819.52        0.117710  0 0 0             75.008         0.000           193
Element:    854       0.2               2.5               0.0               0.00050    1475M0     -200.0          +200.0             -1833.74        0.117710  0 0 0             75.879         0.000           194
Element:    855       0.2               2.5               0.0               0.00050    1491M0     -200.0          +200.0             -1832.84        0.117710  0 0 0             76.753         0.000           195
Element:    856       0.2               2.5               0.0               0.00050    1476M0     -200.0          +200.0             -1833.37        0.117710  0 0 0             77.640         0.000           196
Element:    857       0.2               2.5               0.0               0.00050    1492M0     -200.0          +200.0             -1826.86        0.117710  0 0 0             78.511         0.000           197
Element:    858       0.2               2.5               0.0               0.00050    1477M0     -200.0          +200.0             -1829.69        0.117710  0 0 0             79.395         0.000           198
Element:    859       0.2               2.5               0.0               0.00050    1493M0     -200.0          +200.0             -1824.79        0.117710  0 0 0             80.283         0.000           199
Element:    860       0.2               2.5               0.0               0.00050    1478M0     -200.0          +200.0             -1820.15        0.117710  0 0 0             81.174         0.000           200
Element:    861       0.2               2.5               0.0               0.00050    1494M0     -200.0          +200.0             -1829.15        0.117710  0 0 0             82.069         0.000           201
Element:    862       0.2               2.5               0.0               0.00050    1479M0     -200.0          +200.0             -1826.53        0.117710  0 0 0             82.967         0.000           202
Element:    863       0.2               2.5               0.0               0.00050    1495M0     -200.0          +200.0             -1820.49        0.117710  0 0 0             83.868         0.000           203
Element:    864       0.2               2.5               0.0               0.00050    1496M0     -200.0          +200.0             -1823.48        0.117710  0 0 0             84.773         0.000           204
Element:    865       0.2               2.5               0.0               0.00050    1512M0     -200.0          +200.0             -1827.53        0.117710  0 0 0             85.681         0.000           205
Element:    866       0.2               2.5               0.0               0.00050    1497M0     -200.0          +200.0             -1827.09        0.117710  0 0 0             86.592         0.000           206
Element:    867       0.2               2.5               0.0               0.00050    1513M0     -200.0          +200.0             -1829.38        0.117710  0 0 0             87.519         0.000           207
Element:    868       0.2               2.5               0.0               0.00050    1498M0     -200.0          +200.0             -1825.85        0.117710  0 0 0             88.425         0.000           208
Element:    869       0.2               2.5               0.0               0.00050    1514M0     -200.0          +200.0             -1833.33        0.117710  0 0 0             89.347         0.000           209
Element:    870       0.2               2.5               0.0               0.00050    1499M0     -200.0          +200.0             -1826.14        0.117710  0 0 0             90.272         0.000           210
Element:    871       0.2               2.5               0.0               0.00050    1515M0     -200.0          +200.0             -1821.07        0.117710  0 0 0             91.200         0.000           211
Element:    872       0.2               2.5               0.0               0.00050    1500M0     -200.0          +200.0             -1829.12        0.117710  0 0 0             92.132         0.000           212
Element:    873       0.2               2.5               0.0               0.00050    1516M0     -200.0          +200.0             -1823.58        0.117710  0 0 0             93.068         0.000           213
Element:    874       0.2               2.5               0.0               0.00050    1501M0     -200.0          +200.0             -1819.02        0.117710  0 0 0             94.006         0.000           214
Element:    875       0.2               2.5               0.0               0.00050    1517M0     -200.0          +200.0             -1825.58        0.117710  0 0 0             94.948         0.000           215
Element:    876       0.2               2.5               0.0               0.00050    1502M0     -200.0          +200.0             -1816.79        0.117710  0 0 0             95.903         0.000           216
Element:    877       0.2               2.5               0.0               0.00050    1518M0     -200.0          +200.0             -1816.87        0.117710  0 0 0             96.842         0.000           217
Element:    878       0.2               2.5               0.0               0.00050    1503M0     -200.0          +200.0             -1814.08        0.117710  0 0 0             97.794         0.000           218
Element:    879       0.2               2.5               0.0               0.00050    1519M0     -200.0          +200.0             -1820.94        0.117710  0 0 0             98.750         0.000           219
Element:    880       0.2               2.5               0.0               0.00050    1504M0     -200.0          +200.0             -1820.02        0.117710  0 0 0             99.709         0.000           220
Element:    881       0.2               2.5               0.0               0.00050    1520M0     -200.0          +200.0             -1813.35        0.117710  0 0 0             100.671         0.000           221
Element:    882       0.2               2.5               0.0               0.00050    1505M0     -200.0          +200.0             -1826.93        0.117710  0 0 0             101.636         0.000           222
Element:    883       0.2               2.5               0.0               0.00050    1521M0     -200.0          +200.0             -1816.93        0.117710  0 0 0             102.605         0.000           223
Element:    884       0.2               2.5               0.0               0.00050    1506M0     -200.0          +200.0             -1834.49        0.117710  0 0 0             103.577         0.000           224
Element:    885       0.2               2.5               0.0               0.00050    1522M0     -200.0          +200.0             -1817.02        0.117710  0 0 0             104.563         0.000           225
Element:    886       0.2               2.5               0.0               0.00050    1507M0     -200.0          +200.0             -1819.33        0.117710  0 0 0             105.531         0.000           226
Element:    887       0.2               2.5               0.0               0.00050    1523M0     -200.0          +200.0             -1819.90        0.117710  0 0 0             106.514         0.000           227
Element:    888       0.2               2.5               0.0               0.00050    1508M0     -200.0          +200.0             -1827.31        0.117710  0 0 0             107.499         0.000           228
Element:    889       0.2               2.5               0.0               0.00050    1524M0     -200.0          +200.0             -1817.44        0.117710  0 0 0             108.487         0.000           229
Element:    890       0.2               2.5               0.0               0.00050    1509M0     -200.0          +200.0             -1810.45        0.117710  0 0 0             109.479         0.000           230
Element:    891       0.2               2.5               0.0               0.00050    1525M0     -200.0          +200.0             -1815.38        0.117710  0 0 0             110.474         0.000           231
Element:    892       0.2               2.5               0.0               0.00050    1510M0     -200.0          +200.0             -1807.40        0.117710  0 0 0             111.473         0.000           232
Element:    893       0.2               2.5               0.0               0.00050    1526M0     -200.0          +200.0             -1807.59        0.117710  0 0 0             112.474         0.000           233
Element:    894       0.2               2.5               0.0               0.00050    1511M0     -200.0          +200.0             -1813.28        0.117710  0 0 0             113.489         0.000           234
Element:    895       0.2               2.5               0.0               0.00050    1527M0     -200.0          +200.0             -1805.62        0.117710  0 0 0             114.487         0.000           235
Element:    896       0.2               2.5               0.0               0.00050    1528M0     -200.0          +200.0             -1799.66        0.117710  0 0 0             115.498         0.000           236
Element:    897       0.2               2.5               0.0               0.00050    1544M0     -200.0          +200.0             -1816.29        0.117710  0 0 0             116.512         0.000           237
Element:    898       0.2               2.5               0.0               0.00050    1529M0     -200.0          +200.0             -1809.21        0.117710  0 0 0             117.530         0.000           238
Element:    899       0.2               2.5               0.0               0.00050    1545M0     -200.0          +200.0             -1811.29        0.117710  0 0 0             118.550         0.000           239
Element:    900       0.2               2.5               0.0               0.00050    1530M0     -200.0          +200.0             -1819.16        0.117710  0 0 0             119.574         0.000           240
Element:    901       0.2               2.5               0.0               0.00050    1546M0     -200.0          +200.0             -1820.10        0.117710  0 0 0             120.601         0.000           241
Element:    902       0.2               2.5               0.0               0.00050    1531M0     -200.0          +200.0             -1812.09        0.117710  0 0 0             121.631         0.000           242
Element:    903       0.2               2.5               0.0               0.00050    1547M0     -200.0          +200.0             -1811.29        0.117710  0 0 0             122.676         0.000           243
Element:    904       0.2               2.5               0.0               0.00050    1532M0     -200.0          +200.0             -1818.83        0.117710  0 0 0             123.700         0.000           244
Element:    905       0.2               2.5               0.0               0.00050    1548M0     -200.0          +200.0             -1817.31        0.117710  0 0 0             124.739         0.000           245
Element:    906       0.2               2.5               0.0               0.00050    1533M0     -200.0          +200.0             -1817.74        0.117710  0 0 0             125.781         0.000           246
Element:    907       0.2               2.5               0.0               0.00050    1549M0     -200.0          +200.0             -1816.18        0.117710  0 0 0             126.827         0.000           247
Element:    908       0.2               2.5               0.0               0.00050    1534M0     -200.0          +200.0             -1802.47        0.117710  0 0 0             127.875         0.000           248
Element:    909       0.2               2.5               0.0               0.00050    1550M0     -200.0          +200.0             -1810.58        0.117710  0 0 0             128.926         0.000           249
Element:    910       0.2               2.5               0.0               0.00050    1535M0     -200.0          +200.0             -1802.29        0.117710  0 0 0             129.980         0.000           250
Element:    911       0.2               2.5               0.0               0.00050    1551M0     -200.0          +200.0             -1814.98        0.117710  0 0 0             131.038         0.000           251
Element:    912       0.2               2.5               0.0               0.00050    1536M0     -200.0          +200.0             -1810.23        0.117710  0 0 0             132.098         0.000           252
Element:    913       0.2               2.5               0.0               0.00050    1552M0     -200.0          +200.0             -1803.28        0.117710  0 0 0             133.171         0.000           253
Element:    914       0.2               2.5               0.0               0.00050    1537M0     -200.0          +200.0             -1814.34        0.117710  0 0 0             134.226         0.000           254
Element:    915       0.2               2.5               0.0               0.00050    1553M0     -200.0          +200.0             -1797.89        0.117710  0 0 0             135.295         0.000           255
Element:    916       0.2               2.5               0.0               0.00050    1538M0     -200.0          +200.0             -1820.25        0.117710  0 0 0             136.367         0.000           256
Element:    917       0.2               2.5               0.0               0.00050    1554M0     -200.0          +200.0             -1815.85        0.117710  0 0 0             137.442         0.000           257
Element:    918       0.2               2.5               0.0               0.00050    1539M0     -200.0          +200.0             -1806.92        0.117710  0 0 0             138.519         0.000           258
Element:    919       0.2               2.5               0.0               0.00050    1555M0     -200.0          +200.0             -1807.44        0.117710  0 0 0             139.600         0.000           259
Element:    920       0.2               2.5               0.0               0.00050    1540M0     -200.0          +200.0             -1814.85        0.117710  0 0 0             140.683         0.000           260
Element:    921       0.2               2.5               0.0               0.00050    1556M0     -200.0          +200.0             -1796.47        0.117710  0 0 0             141.768         0.000           261
Element:    922       0.2               2.5               0.0               0.00050    1541M0     -200.0          +200.0             -1805.26        0.117710  0 0 0             142.857         0.000           262
Element:    923       0.2               2.5               0.0               0.00050    1557M0     -200.0          +200.0             -1800.99        0.117710  0 0 0             143.961         0.000           263
Element:    924       0.2               2.5               0.0               0.00050    1542M0     -200.0          +200.0             -1792.23        0.117710  0 0 0             145.042         0.000           264
Element:    925       0.2               2.5               0.0               0.00050    1558M0     -200.0          +200.0             -1861.41        0.117710  0 0 0             146.139         0.000           265
Element:    926       0.2               2.5               0.0               0.00050    1543M0     -200.0          +200.0             -1809.94        0.117710  0 0 0             147.238         0.000           266
Element:    927       0.2               2.5               0.0               0.00050    1559M0     -200.0          +200.0             -1798.23        0.117710  0 0 0             148.341         0.000           267
Element:    928       0.2               2.5               0.0               0.00050    1560M0     -200.0          +200.0             -1791.97        0.117710  0 0 0             149.446         0.000           268
Element:    929       0.2               2.5               0.0               0.00050    1576M0     -200.0          +200.0             -1799.81        0.117710  0 0 0             150.553         0.000           269
Element:    930       0.2               2.5               0.0               0.00050    1561M0     -200.0          +200.0             -1797.29        0.117710  0 0 0             151.663         0.000           270
Element:    931       0.2               2.5               0.0               0.00050    1577M0     -200.0          +200.0             -1799.68        0.117710  0 0 0             152.776         0.000           271
Element:    932       0.2               2.5               0.0               0.00050    1562M0     -200.0          +200.0             -1797.40        0.117710  0 0 0             153.891         0.000           272
Element:    933       0.2               2.5               0.0               0.00050    1578M0     -200.0          +200.0             -1798.71        0.117710  0 0 0             155.022         0.000           273
Element:    934       0.2               2.5               0.0               0.00050    1563M0     -200.0          +200.0             -1808.71        0.117710  0 0 0             156.129         0.000           274
Element:    935       0.2               2.5               0.0               0.00050    1579M0     -200.0          +200.0             -1795.36        0.117710  0 0 0             157.251         0.000           275
Element:    936       0.2               2.5               0.0               0.00050    1564M0     -200.0          +200.0             -1799.78        0.117710  0 0 0             158.377         0.000           276
Element:    937       0.2               2.5               0.0               0.00050    1580M0     -200.0          +200.0             -1797.59        0.117710  0 0 0             159.504         0.000           277
Element:    938       0.2               2.5               0.0               0.00050    1565M0     -200.0          +200.0             -1801.00        0.117710  0 0 0             160.635         0.000           278
Element:    939       0.2               2.5               0.0               0.00050    1581M0     -200.0          +200.0             -1805.02        0.117710  0 0 0             161.767         0.000           279
Element:    940       0.2               2.5               0.0               0.00050    1566M0     -200.0          +200.0             -1794.10        0.117710  0 0 0             162.902         0.000           280
Element:    941       0.2               2.5               0.0               0.00050    1582M0     -200.0          +200.0             -1794.16        0.117710  0 0 0             164.040         0.000           281
Element:    942       0.2               2.5               0.0               0.00050    1567M0     -200.0          +200.0             -1796.89        0.117710  0 0 0             165.180         0.000           282
Element:    943       0.2               2.5               0.0               0.00050    1583M0     -200.0          +200.0             -1793.30        0.117710  0 0 0             166.322         0.000           283
Element:    944       0.2               2.5               0.0               0.00050    1568M0     -200.0          +200.0             -1796.88        0.117710  0 0 0             167.481         0.000           284
Element:    945       0.2               2.5               0.0               0.00050    1584M0     -200.0          +200.0             -1786.97        0.117710  0 0 0             168.613         0.000           285
Element:    946       0.2               2.5               0.0               0.00050    1569M0     -200.0          +200.0             -1792.56        0.117710  0 0 0             169.762         0.000           286
Element:    947       0.2               2.5               0.0               0.00050    1585M0     -200.0          +200.0             -1783.74        0.117710  0 0 0             170.914         0.000           287
Element:    948       0.2               2.5               0.0               0.00050    1570M0     -200.0          +200.0             -1790.91        0.117710  0 0 0             172.067         0.000           288
Element:    949       0.2               2.5               0.0               0.00050    1586M0     -200.0          +200.0             -1789.79        0.117710  0 0 0             173.223         0.000           289
Element:    950       0.2               2.5               0.0               0.00050    1571M0     -200.0          +200.0             -1791.22        0.117710  0 0 0             174.381         0.000           290
Element:    951       0.2               2.5               0.0               0.00050    1587M0     -200.0          +200.0             -1790.38        0.117710  0 0 0             175.541         0.000           291
Element:    952       0.2               2.5               0.0               0.00050    1572M0     -200.0          +200.0             -1792.74        0.117710  0 0 0             176.704         0.000           292
Element:    953       0.2               2.5               0.0               0.00050    1588M0     -200.0          +200.0             -1778.73        0.117710  0 0 0             177.868         0.000           293
Element:    954       0.2               2.5               0.0               0.00050    1573M0     -200.0          +200.0             -1787.70        0.117710  0 0 0             179.035         0.000           294
Element:    955       0.2               2.5               0.0               0.00050    1589M0     -200.0          +200.0             -1785.18        0.117710  0 0 0             180.219         0.000           295
Element:    956       0.2               2.5               0.0               0.00050    1574M0     -200.0          +200.0             -1783.92        0.117710  0 0 0             181.374         0.000           296
Element:    957       0.2               2.5               0.0               0.00050    1590M0     -200.0          +200.0             -1777.36        0.117710  0 0 0             182.547         0.000           297
Element:    958       0.2               2.5               0.0               0.00050    1575M0     -200.0          +200.0             -1780.82        0.117710  0 0 0             183.722         0.000           298
Element:    959       0.2               2.5               0.0               0.00050    1591M0     -200.0          +200.0             -1777.05        0.117710  0 0 0             184.899         0.000           299
Element:    960       0.2               2.5               0.0               0.00050    1592M0     -200.0          +200.0             -1773.52        0.117710  0 0 0             186.077         0.000           300
Element:    961       0.2               2.5               0.0               0.00050    1608M0     -200.0          +200.0             -1784.63        0.117710  0 0 0             187.258         0.000           301
Element:    962       0.2               2.5               0.0               0.00050    1593M0     -200.0          +200.0             -1780.52        0.117710  0 0 0             188.441         0.000           302
Element:    963       0.2               2.5               0.0               0.00050    1609M0     -200.0          +200.0             -1786.50        0.117710  0 0 0             189.625         0.000           303
Element:    964       0.2               2.5               0.0               0.00050    1594M0     -200.0          +200.0             -1781.77        0.117710  0 0 0             190.812         0.000           304
Element:    965       0.2               2.5               0.0               0.00050    1610M0     -200.0          +200.0             -1787.84        0.117710  0 0 0             192.001         0.000           305
Element:    966       0.2               2.5               0.0               0.00050    1595M0     -200.0          +200.0             -1790.71        0.117710  0 0 0             193.207         0.000           306
Element:    967       0.2               2.5               0.0               0.00050    1611M0     -200.0          +200.0             -1788.38        0.117710  0 0 0             194.383         0.000           307
Element:    968       0.2               2.5               0.0               0.00050    1596M0     -200.0          +200.0             -1787.39        0.117710  0 0 0             195.577         0.000           308
Element:    969       0.2               2.5               0.0               0.00050    1612M0     -200.0          +200.0             -1797.95        0.117710  0 0 0             196.773         0.000           309
Element:    970       0.2               2.5               0.0               0.00050    1597M0     -200.0          +200.0             -1777.05        0.117710  0 0 0             197.970         0.000           310
Element:    971       0.2               2.5               0.0               0.00050    1613M0     -200.0          +200.0             -1789.99        0.117710  0 0 0             199.169         0.000           311
Element:    972       0.2               2.5               0.0               0.00050    1598M0     -200.0          +200.0             -1780.89        0.117710  0 0 0             200.370         0.000           312
Element:    973       0.2               2.5               0.0               0.00050    1614M0     -200.0          +200.0             -1786.29        0.117710  0 0 0             201.573         0.000           313
Element:    974       0.2               2.5               0.0               0.00050    1599M0     -200.0          +200.0             -1773.79        0.117710  0 0 0             202.777         0.000           314
Element:    975       0.2               2.5               0.0               0.00050    1615M0     -200.0          +200.0             -1786.69        0.117710  0 0 0             203.983         0.000           315
Element:    976       0.2               2.5               0.0               0.00050    1600M0     -200.0          +200.0             -1784.64        0.117710  0 0 0             205.190         0.000           316
Element:    977       0.2               2.5               0.0               0.00050    1616M0     -200.0          +200.0             -1780.58        0.117710  0 0 0             206.414         0.000           317
Element:    978       0.2               2.5               0.0               0.00050    1601M0     -200.0          +200.0             -1789.14        0.117710  0 0 0             207.610         0.000           318
Element:    979       0.2               2.5               0.0               0.00050    1617M0     -200.0          +200.0             -1774.06        0.117710  0 0 0             208.822         0.000           319
Element:    980       0.2               2.5               0.0               0.00050    1602M0     -200.0          +200.0             -1793.59        0.117710  0 0 0             210.036         0.000           320
Element:    981       0.2               2.5               0.0               0.00050    1618M0     -200.0          +200.0             -1783.25        0.117710  0 0 0             211.251         0.000           321
Element:    982       0.2               2.5               0.0               0.00050    1603M0     -200.0          +200.0             -1780.23        0.117710  0 0 0             212.469         0.000           322
Element:    983       0.2               2.5               0.0               0.00050    1619M0     -200.0          +200.0             -1779.64        0.117710  0 0 0             213.687         0.000           323
Element:    984       0.2               2.5               0.0               0.00050    1604M0     -200.0          +200.0             -1787.74        0.117710  0 0 0             214.907         0.000           324
Element:    985       0.2               2.5               0.0               0.00050    1620M0     -200.0          +200.0             -1775.71        0.117710  0 0 0             216.128         0.000           325
Element:    986       0.2               2.5               0.0               0.00050    1605M0     -200.0          +200.0             -1775.24        0.117710  0 0 0             217.350         0.000           326
Element:    987       0.2               2.5               0.0               0.00050    1621M0     -200.0          +200.0             -1761.36        0.117710  0 0 0             218.574         0.000           327
Element:    988       0.2               2.5               0.0               0.00050    1606M0     -200.0          +200.0             -1763.43        0.117710  0 0 0             219.817         0.000           328
Element:    989       0.2               2.5               0.0               0.00050    1622M0     -200.0          +200.0             -1767.28        0.117710  0 0 0             221.026         0.000           329
Element:    990       0.2               2.5               0.0               0.00050    1607M0     -200.0          +200.0             -1768.36        0.117710  0 0 0             222.254         0.000           330
Element:    991       0.2               2.5               0.0               0.00050    1623M0     -200.0          +200.0             -1760.59        0.117710  0 0 0             223.484         0.000           331
Element:    992       0.2               2.5               0.0               0.00050    1624M0     -200.0          +200.0             -1743.47        0.117710  0 0 0             224.715         0.000           332
Element:    993       0.2               2.5               0.0               0.00050    1640M0     -200.0          +200.0             -1783.99        0.117710  0 0 0             225.946         0.000           333
Element:    994       0.2               2.5               0.0               0.00050    1625M0     -200.0          +200.0             -1780.33        0.117710  0 0 0             227.180         0.000           334
Element:    995       0.2               2.5               0.0               0.00050    1641M0     -200.0          +200.0             -1787.77        0.117710  0 0 0             228.414         0.000           335
Element:    996       0.2               2.5               0.0               0.00050    1626M0     -200.0          +200.0             -1790.08        0.117710  0 0 0             229.649         0.000           336
Element:    997       0.2               2.5               0.0               0.00050    1642M0     -200.0          +200.0             -1791.37        0.117710  0 0 0             230.886         0.000           337
Element:    998       0.2               2.5               0.0               0.00050    1627M0     -200.0          +200.0             -1784.51        0.117710  0 0 0             232.124         0.000           338
Element:    999       0.2               2.5               0.0               0.00050    1643M0     -200.0          +200.0             -1783.06        0.117710  0 0 0             233.363         0.000           339
Element:   1000       0.2               2.5               0.0               0.00050    1628M0     -200.0          +200.0             -1780.86        0.117710  0 0 0             234.618         0.000           340
Element:   1001       0.2               2.5               0.0               0.00050    1644M0     -200.0          +200.0             -1783.84        0.117710  0 0 0             235.844         0.000           341
Element:   1002       0.2               2.5               0.0               0.00050    1629M0     -200.0          +200.0             -1784.66        0.117710  0 0 0             237.086         0.000           342
Element:   1003       0.2               2.5               0.0               0.00050    1645M0     -200.0          +200.0             -1783.80        0.117710  0 0 0             238.330         0.000           343
Element:   1004       0.2               2.5               0.0               0.00050    1630M0     -200.0          +200.0             -1776.04        0.117710  0 0 0             239.574         0.000           344
Element:   1005       0.2               2.5               0.0               0.00050    1646M0     -200.0          +200.0             -1788.05        0.117710  0 0 0             240.819         0.000           345
Element:   1006       0.2               2.5               0.0               0.00050    1631M0     -200.0          +200.0             -1774.38        0.117710  0 0 0             242.065         0.000           346
Element:   1007       0.2               2.5               0.0               0.00050    1647M0     -200.0          +200.0             -1782.07        0.117710  0 0 0             243.313         0.000           347
Element:   1008       0.2               2.5               0.0               0.00050    1632M0     -200.0          +200.0             -1774.55        0.117710  0 0 0             244.561         0.000           348
Element:   1009       0.2               2.5               0.0               0.00050    1648M0     -200.0          +200.0             -1771.92        0.117710  0 0 0             245.810         0.000           349
Element:   1010       0.2               2.5               0.0               0.00050    1633M0     -200.0          +200.0             -1788.90        0.117710  0 0 0             247.060         0.000           350
Element:   1011       0.2               2.5               0.0               0.00050    1649M0     -200.0          +200.0             -1768.35        0.117710  0 0 0             248.311         0.000           351
Element:   1012       0.2               2.5               0.0               0.00050    1634M0     -200.0          +200.0             -1785.21        0.117710  0 0 0             249.581         0.000           352
Element:   1013       0.2               2.5               0.0               0.00050    1650M0     -200.0          +200.0             -1780.09        0.117710  0 0 0             250.815         0.000           353
Element:   1014       0.2               2.5               0.0               0.00050    1635M0     -200.0          +200.0             -1787.85        0.117710  0 0 0             252.068         0.000           354
Element:   1015       0.2               2.5               0.0               0.00050    1651M0     -200.0          +200.0             -1770.86        0.117710  0 0 0             253.323         0.000           355
Element:   1016       0.2               2.5               0.0               0.00050    1636M0     -200.0          +200.0             -1780.27        0.117710  0 0 0             254.578         0.000           356
Element:   1017       0.2               2.5               0.0               0.00050    1652M0     -200.0          +200.0             -1763.40        0.117710  0 0 0             255.833         0.000           357
Element:   1018       0.2               2.5               0.0               0.00050    1637M0     -200.0          +200.0             -1769.37        0.117710  0 0 0             257.090         0.000           358
Element:   1019       0.2               2.5               0.0               0.00050    1653M0     -200.0          +200.0             -1769.90        0.117710  0 0 0             258.347         0.000           359
Element:   1020       0.2               2.5               0.0               0.00050    1638M0     -200.0          +200.0             -1760.44        0.117710  0 0 0             259.604         0.000           360
Element:   1021       0.2               2.5               0.0               0.00050    1654M0     -200.0          +200.0             -1764.57        0.117710  0 0 0             260.863         0.000           361
Element:   1022       0.2               2.5               0.0               0.00050    1639M0     -200.0          +200.0             -1766.38        0.117710  0 0 0             262.122         0.000           362
Element:   1023       0.2               2.5               0.0               0.00050    1655M0     -200.0          +200.0             -1757.53        0.117710  0 0 0             263.382         0.000           363
Element:   1024       0.2               2.5               0.0               0.00050    1656M0     -200.0          +200.0             -1756.64        0.117710  0 0 0             264.661         0.000           364
Element:   1025       0.2               2.5               0.0               0.00050    1672M0     -200.0          +200.0             -1757.59        0.117710  0 0 0             265.903         0.000           365
Element:   1026       0.2               2.5               0.0               0.00050    1657M0     -200.0          +200.0             -1757.78        0.117710  0 0 0             267.165         0.000           366
Element:   1027       0.2               2.5               0.0               0.00050    1673M0     -200.0          +200.0             -1763.46        0.117710  0 0 0             268.427         0.000           367
Element:   1028       0.2               2.5               0.0               0.00050    1658M0     -200.0          +200.0             -1764.69        0.117710  0 0 0             269.689         0.000           368
Element:   1029       0.2               2.5               0.0               0.00050    1674M0     -200.0          +200.0             -1770.58        0.117710  0 0 0             270.952         0.000           369
Element:   1030       0.2               2.5               0.0               0.00050    1659M0     -200.0          +200.0             -1767.97        0.117710  0 0 0             272.216         0.000           370
Element:   1031       0.2               2.5               0.0               0.00050    1675M0     -200.0          +200.0             -1767.97        0.117710  0 0 0             273.480         0.000           371
Element:   1032       0.2               2.5               0.0               0.00050    1660M0     -200.0          +200.0             -1769.18        0.117710  0 0 0             274.745         0.000           372
Element:   1033       0.2               2.5               0.0               0.00050    1676M0     -200.0          +200.0             -1777.29        0.117710  0 0 0             276.010         0.000           373
Element:   1034       0.2               2.5               0.0               0.00050    1661M0     -200.0          +200.0             -1756.84        0.117710  0 0 0             277.275         0.000           374
Element:   1035       0.2               2.5               0.0               0.00050    1677M0     -200.0          +200.0             -1773.09        0.117710  0 0 0             278.541         0.000           375
Element:   1036       0.2               2.5               0.0               0.00050    1662M0     -200.0          +200.0             -1763.23        0.117710  0 0 0             279.824         0.000           376
Element:   1037       0.2               2.5               0.0               0.00050    1678M0     -200.0          +200.0             -1767.97        0.117710  0 0 0             281.074         0.000           377
Element:   1038       0.2               2.5               0.0               0.00050    1663M0     -200.0          +200.0             -1767.97        0.117710  0 0 0             282.341         0.000           378
Element:   1039       0.2               2.5               0.0               0.00050    1679M0     -200.0          +200.0             -1772.65        0.117710  0 0 0             283.608         0.000           379
Element:   1040       0.2               2.5               0.0               0.00050    1664M0     -200.0          +200.0             -1772.65        0.117710  0 0 0             284.876         0.000           380
Element:   1041       0.2               2.5               0.0               0.00050    1680M0     -200.0          +200.0             -1762.01        0.117710  0 0 0             286.143         0.000           381
Element:   1042       0.2               2.5               0.0               0.00050    1665M0     -200.0          +200.0             -1768.80        0.117710  0 0 0             287.412         0.000           382
Element:   1043       0.2               2.5               0.0               0.00050    1681M0     -200.0          +200.0             -1764.50        0.117710  0 0 0             288.680         0.000           383
Element:   1044       0.2               2.5               0.0               0.00050    1666M0     -200.0          +200.0             -1777.05        0.117710  0 0 0             289.949         0.000           384
Element:   1045       0.2               2.5               0.0               0.00050    1682M0     -200.0          +200.0             -1764.30        0.117710  0 0 0             291.217         0.000           385
Element:   1046       0.2               2.5               0.0               0.00050    1667M0     -200.0          +200.0             -1768.22        0.117710  0 0 0             292.487         0.000           386
Element:   1047       0.2               2.5               0.0               0.00050    1683M0     -200.0          +200.0             -1766.46        0.117710  0 0 0             293.756         0.000           387
Element:   1048       0.2               2.5               0.0               0.00050    1668M0     -200.0          +200.0             -1771.22        0.117710  0 0 0             295.043         0.000           388
Element:   1049       0.2               2.5               0.0               0.00050    1684M0     -200.0          +200.0             -1761.08        0.117710  0 0 0             296.295         0.000           389
Element:   1050       0.2               2.5               0.0               0.00050    1669M0     -200.0          +200.0             -1768.71        0.117710  0 0 0             297.565         0.000           390
Element:   1051       0.2               2.5               0.0               0.00050    1685M0     -200.0          +200.0             -1754.43        0.117710  0 0 0             298.834         0.000           391
Element:   1052       0.2               2.5               0.0               0.00050    1670M0     -200.0          +200.0             -1756.88        0.117710  0 0 0             300.104         0.000           392
Element:   1053       0.2               2.5               0.0               0.00050    1686M0     -200.0          +200.0             -1757.60        0.117710  0 0 0             301.374         0.000           393
Element:   1054       0.2               2.5               0.0               0.00050    1671M0     -200.0          +200.0             -1759.42        0.117710  0 0 0             302.645         0.000           394
Element:   1055       0.2               2.5               0.0               0.00050    1687M0     -200.0          +200.0             -1757.24        0.117710  0 0 0             303.915         0.000           395
Element:   1056       0.2               2.5               0.0               0.00050    1688M0     -200.0          +200.0             -1740.16        0.117710  0 0 0             305.185         0.000           396
Element:   1057       0.2               2.5               0.0               0.00050    1704M0     -200.0          +200.0             -1754.04        0.117710  0 0 0             306.455         0.000           397
Element:   1058       0.2               2.5               0.0               0.00050    1689M0     -200.0          +200.0             -1743.40        0.117710  0 0 0             307.725         0.000           398
Element:   1059       0.2               2.5               0.0               0.00050    1705M0     -200.0          +200.0             -1748.97        0.117710  0 0 0             308.996         0.000           399
Element:   1060       0.2               2.5               0.0               0.00050    1690M0     -200.0          +200.0             -1751.01        0.117710  0 0 0             310.284         0.000           400
Element:   1061       0.2               2.5               0.0               0.00050    1706M0     -200.0          +200.0             -1744.95        0.117710  0 0 0             311.536         0.000           401
Element:   1062       0.2               2.5               0.0               0.00050    1691M0     -200.0          +200.0             -1749.00        0.117710  0 0 0             312.806         0.000           402
Element:   1063       0.2               2.5               0.0               0.00050    1707M0     -200.0          +200.0             -1753.85        0.117710  0 0 0             314.076         0.000           403
Element:   1064       0.2               2.5               0.0               0.00050    1692M0     -200.0          +200.0             -1752.77        0.117710  0 0 0             315.346         0.000           404
Element:   1065       0.2               2.5               0.0               0.00050    1708M0     -200.0          +200.0             -1748.91        0.117710  0 0 0             316.616         0.000           405
Element:   1066       0.2               2.5               0.0               0.00050    1693M0     -200.0          +200.0             -1748.82        0.117710  0 0 0             317.885         0.000           406
Element:   1067       0.2               2.5               0.0               0.00050    1709M0     -200.0          +200.0             -1754.69        0.117710  0 0 0             319.155         0.000           407
Element:   1068       0.2               2.5               0.0               0.00050    1694M0     -200.0          +200.0             -1748.68        0.117710  0 0 0             320.424         0.000           408
Element:   1069       0.2               2.5               0.0               0.00050    1710M0     -200.0          +200.0             -1759.11        0.117710  0 0 0             321.694         0.000           409
Element:   1070       0.2               2.5               0.0               0.00050    1695M0     -200.0          +200.0             -1752.15        0.117710  0 0 0             322.963         0.000           410
Element:   1071       0.2               2.5               0.0               0.00050    1711M0     -200.0          +200.0             -1758.74        0.117710  0 0 0             324.231         0.000           411
Element:   1072       0.2               2.5               0.0               0.00050    1696M0     -200.0          +200.0             -1737.96        0.117710  0 0 0             325.516         0.000           412
Element:   1073       0.2               2.5               0.0               0.00050    1712M0     -200.0          +200.0             -5175.60        0.117710  0 0 0             326.768         0.000           413
Element:   1074       0.2               2.5               0.0               0.00050    1697M0      999            -999                  -0.00        0.000000  0 0 0             328.037         0.000           414
Element:   1075       0.2               2.5               0.0               0.00050    1713M0     -200.0          +200.0                -0.00        0.117710  0 0 0             329.304         0.000           415
Element:   1076       0.2               2.5               0.0               0.00050    1698M0     -200.0          +200.0                -0.00        0.117710  0 0 0             330.572         0.000           416
Element:   1077       0.2               2.5               0.0               0.00050    1714M0      999            -999                  -0.00        0.000000  0 0 0             331.839         0.000           417
Element:   1078       0.2               2.5               0.0               0.00050    1699M0     -200.0          +200.0                -0.00        0.117710  0 0 0             333.106         0.000           418
Element:   1079       0.2               2.5               0.0               0.00050    1715M0     -200.0          +200.0                -0.00        0.117710  0 0 0             334.373         0.000           419
Element:   1080       0.2               2.5               0.0               0.00050    1700M0     -200.0          +200.0                -0.00        0.117710  0 0 0             335.640         0.000           420
Element:   1081       0.2               2.5               0.0               0.00050    1716M0      999            -999                  -0.00        0.000000  0 0 0             336.906         0.000           421
Element:   1082       0.2               2.5               0.0               0.00050    1701M0     -200.0          +200.0                -0.00        0.117710  0 0 0             338.171         0.000           422
Element:   1083       0.2               2.5               0.0               0.00050    1717M0     -200.0          +200.0                -0.00        0.117710  0 0 0             339.437         0.000           423
Element:   1084       0.2               2.5               0.0               0.00050    1702M0     -200.0          +200.0                -0.00        0.117710  0 0 0             340.721         0.000           424
Element:   1085       0.2               2.5               0.0               0.00050    1718M0     -200.0          +200.0                -0.00        0.117710  0 0 0             341.967         0.000           425
Element:   1086       0.2               2.5               0.0               0.00050    1703M0     -200.0          +200.0                -0.00        0.117710  0 0 0             343.231         0.000           426
Element:   1087       0.2               2.5               0.0               0.00050    1719M0     -200.0          +200.0                -0.00        0.117710  0 0 0             344.495         0.000           427
Element:   1088       0.2               2.5               0.0               0.00050    1720M0     -200.0          +200.0                -0.00        0.117710  0 0 0             345.758         0.000           428
Element:   1089       0.2               2.5               0.0               0.00050    1736M0     -200.0          +200.0                -0.00        0.117710  0 0 0             347.021         0.000           429
Element:   1090       0.2               2.5               0.0               0.00050    1721M0     -200.0          +200.0                -0.00        0.117710  0 0 0             348.283         0.000           430
Element:   1091       0.2               2.5               0.0               0.00050    1737M0     -200.0          +200.0                -0.00        0.117710  0 0 0             349.545         0.000           431
Element:   1092       0.2               2.5               0.0               0.00050    1722M0     -200.0          +200.0                -0.00        0.117710  0 0 0             350.807         0.000           432
Element:   1093       0.2               2.5               0.0               0.00050    1738M0     -200.0          +200.0                -0.00        0.117710  0 0 0             352.068         0.000           433
Element:   1094       0.2               2.5               0.0               0.00050    1723M0     -200.0          +200.0                -0.00        0.117710  0 0 0             353.329         0.000           434
Element:   1095       0.2               2.5               0.0               0.00050    1739M0      999            -999                  -0.00        0.000000  0 0 0             354.589         0.000           435
Element:   1096       0.2               2.5               0.0               0.00050    1724M0     -200.0          +200.0                -0.00        0.117710  0 0 0             355.864         0.000           436
Element:   1097       0.2               2.5               0.0               0.00050    1740M0      999            -999                  -0.00        0.000000  0 0 0             357.107         0.000           437
Element:   1098       0.2               2.5               0.0               0.00050    1725M0     -200.0          +200.0                -0.00        0.117710  0 0 0             358.366         0.000           438
Element:   1099       0.2               2.5               0.0               0.00050    1741M0     -200.0          +200.0                -0.00        0.117710  0 0 0             359.624         0.000           439
Element:   1100       0.2               2.5               0.0               0.00050    1726M0     -200.0          +200.0                -0.00        0.117710  0 0 0             360.881         0.000           440
Element:   1101       0.2               2.5               0.0               0.00050    1742M0     -200.0          +200.0                -0.00        0.117710  0 0 0             362.138         0.000           441
Element:   1102       0.2               2.5               0.0               0.00050    1727M0      999            -999                  -0.00        0.000000  0 0 0             363.393         0.000           442
Element:   1103       0.2               2.5               0.0               0.00050    1743M0     -200.0          +200.0                -0.00        0.117710  0 0 0             364.649         0.000           443
Element:   1104       0.2               2.5               0.0               0.00050    1728M0     -200.0          +200.0                -0.00        0.117710  0 0 0             365.904         0.000           444
Element:   1105       0.2               2.5               0.0               0.00050    1744M0     -200.0          +200.0                -0.00        0.117710  0 0 0             367.158         0.000           445
Element:   1106       0.2               2.5               0.0               0.00050    1729M0     -200.0          +200.0                -0.00        0.117710  0 0 0             368.412         0.000           446
Element:   1107       0.2               2.5               0.0               0.00050    1745M0     -200.0          +200.0                -0.00        0.117710  0 0 0             369.665         0.000           447
Element:   1108       0.2               2.5               0.0               0.00050    1730M0     -200.0          +200.0                -0.00        0.117710  0 0 0             370.934         0.000           448
Element:   1109       0.2               2.5               0.0               0.00050    1746M0     -200.0          +200.0                -0.00        0.117710  0 0 0             372.169         0.000           449
Element:   1110       0.2               2.5               0.0               0.00050    1731M0     -200.0          +200.0                -0.00        0.117710  0 0 0             373.420         0.000           450
Element:   1111       0.2               2.5               0.0               0.00050    1747M0     -200.0          +200.0                -0.00        0.117710  0 0 0             374.670         0.000           451
Element:   1112       0.2               2.5               0.0               0.00050    1732M0     -200.0          +200.0                -0.00        0.117710  0 0 0             375.920         0.000           452
Element:   1113       0.2               2.5               0.0               0.00050    1748M0     -200.0          +200.0                -0.00        0.117710  0 0 0             377.169         0.000           453
Element:   1114       0.2               2.5               0.0               0.00050    1733M0     -200.0          +200.0                -0.00        0.117710  0 0 0             378.417         0.000           454
Element:   1115       0.2               2.5               0.0               0.00050    1749M0     -200.0          +200.0                -0.00        0.117710  0 0 0             379.665         0.000           455
Element:   1116       0.2               2.5               0.0               0.00050    1734M0      999            -999                  -0.00        0.000000  0 0 0             380.911         0.000           456
Element:   1117       0.2               2.5               0.0               0.00050    1750M0     -200.0          +200.0                -0.00        0.117710  0 0 0             382.157         0.000           457
Element:   1118       0.2               2.5               0.0               0.00050    1735M0     -200.0          +200.0                -0.00        0.117710  0 0 0             383.402         0.000           458
Element:   1119       0.2               2.5               0.0               0.00050    1751M0     -200.0          +200.0                -0.00        0.117710  0 0 0             384.647         0.000           459
Element:   1120       0.2               2.5               0.0               0.00050    1752M0     -200.0          +200.0                -0.00        0.117710  0 0 0             385.890         0.000           460
Element:   1121       0.2               2.5               0.0               0.00050    1768M0     -200.0          +200.0                -0.00        0.117710  0 0 0             387.150         0.000           461
Element:   1122       0.2               2.5               0.0               0.00050    1753M0     -200.0          +200.0                -0.00        0.117710  0 0 0             388.375         0.000           462
Element:   1123       0.2               2.5               0.0               0.00050    1769M0     -200.0          +200.0                -0.00        0.117710  0 0 0             389.616         0.000           463
Element:   1124       0.2               2.5               0.0               0.00050    1754M0     -200.0          +200.0                -0.00        0.117710  0 0 0             390.857         0.000           464
Element:   1125       0.2               2.5               0.0               0.00050    1770M0     -200.0          +200.0                -0.00        0.117710  0 0 0             392.096         0.000           465
Element:   1126       0.2               2.5               0.0               0.00050    1755M0     -200.0          +200.0                -0.00        0.117710  0 0 0             393.335         0.000           466
Element:   1127       0.2               2.5               0.0               0.00050    1771M0     -200.0          +200.0                -0.00        0.117710  0 0 0             394.573         0.000           467
Element:   1128       0.2               2.5               0.0               0.00050    1756M0     -200.0          +200.0                -0.00        0.117710  0 0 0             395.810         0.000           468
Element:   1129       0.2               2.5               0.0               0.00050    1772M0     -200.0          +200.0                -0.00        0.117710  0 0 0             397.047         0.000           469
Element:   1130       0.2               2.5               0.0               0.00050    1757M0     -200.0          +200.0                -0.00        0.117710  0 0 0             398.282         0.000           470
Element:   1131       0.2               2.5               0.0               0.00050    1773M0     -200.0          +200.0                -0.00        0.117710  0 0 0             399.517         0.000           471
Element:   1132       0.2               2.5               0.0               0.00050    1758M0     -200.0          +200.0                -0.00        0.117710  0 0 0             400.750         0.000           472
Element:   1133       0.2               2.5               0.0               0.00050    1774M0     -200.0          +200.0                -0.00        0.117710  0 0 0             401.983         0.000           473
Element:   1134       0.2               2.5               0.0               0.00050    1759M0     -200.0          +200.0                -0.00        0.117710  0 0 0             403.232         0.000           474
Element:   1135       0.2               2.5               0.0               0.00050    1775M0     -200.0          +200.0                -0.00        0.117710  0 0 0             404.446         0.000           475
Element:   1136       0.2               2.5               0.0               0.00050    1760M0     -200.0          +200.0                -0.00        0.117710  0 0 0             405.676         0.000           476
Element:   1137       0.2               2.5               0.0               0.00050    1776M0     -200.0          +200.0                -0.00        0.117710  0 0 0             406.904         0.000           477
Element:   1138       0.2               2.5               0.0               0.00050    1761M0     -200.0          +200.0                -0.00        0.117710  0 0 0             408.133         0.000           478
Element:   1139       0.2               2.5               0.0               0.00050    1777M0     -200.0          +200.0                -0.00        0.117710  0 0 0             409.360         0.000           479
Element:   1140       0.2               2.5               0.0               0.00050    1762M0     -200.0          +200.0                -0.00        0.117710  0 0 0             410.586         0.000           480
Element:   1141       0.2               2.5               0.0               0.00050    1778M0     -200.0          +200.0                -0.00        0.117710  0 0 0             411.812         0.000           481
Element:   1142       0.2               2.5               0.0               0.00050    1763M0     -200.0          +200.0                -0.00        0.117710  0 0 0             413.036         0.000           482
Element:   1143       0.2               2.5               0.0               0.00050    1779M0     -200.0          +200.0                -0.00        0.117710  0 0 0             414.259         0.000           483
Element:   1144       0.2               2.5               0.0               0.00050    1764M0     -200.0          +200.0                -0.00        0.117710  0 0 0             415.482         0.000           484
Element:   1145       0.2               2.5               0.0               0.00050    1780M0     -200.0          +200.0                -0.00        0.117710  0 0 0             416.704         0.000           485
Element:   1146       0.2               2.5               0.0               0.00050    1765M0     -200.0          +200.0                -0.00        0.117710  0 0 0             417.924         0.000           486
Element:   1147       0.2               2.5               0.0               0.00050    1781M0     -200.0          +200.0                -0.00        0.117710  0 0 0             419.161         0.000           487
Element:   1148       0.2               2.5               0.0               0.00050    1766M0     -200.0          +200.0                -0.00        0.117710  0 0 0             420.362         0.000           488
Element:   1149       0.2               2.5               0.0               0.00050    1782M0     -200.0          +200.0                -0.00        0.117710  0 0 0             421.580         0.000           489
Element:   1150       0.2               2.5               0.0               0.00050    1767M0     -200.0          +200.0                -0.00        0.117710  0 0 0             422.796         0.000           490
Element:   1151       0.2               2.5               0.0               0.00050    1783M0     -200.0          +200.0                -0.00        0.117710  0 0 0             424.012         0.000           491
#- - - - - - - - - - - - - - - - - - - - - - - - - - - - - - - - - - - - - - -

